mean: 47.800000
std: 30.459152
